0,412
0,411
0,410
0,409
0,408
0,407
0,406
0,386
30,35
3,2
3,1
3,3
10,134
10,126
10,182
10,108
10,188
10,174
10,66
10,130
12,2
12,1
12,3
29,5
29,4
29,3
29,2
29,1
29,0
28,4
28,3
28,2
28,1
28,0
27,3
27,2
27,1
27,0
11,29
11,28
11,27
11,26
11,25
11,24
11,23
11,22
11,21
11,20
11,19
11,18
11,17
11,16
11,15
11,14
11,13
11,12
11,11
11,10
11,9
11,8
11,7
11,6
11,5
11,4
11,3
11,2
20,2
11,1
20,1
11,0
20,3
10,95
10,94
10,93
10,92
10,91
10,90
10,89
10,88
10,87
10,35
10,34
10,33
10,32
10,31
10,30
10,29
10,28
10,27
10,26
10,25
10,24
10,23
10,22
10,21
19,2
10,20
19,1
10,19
19,3
10,18
10,17
